493
528
546
517
497
504
509
508
492
506
521
539
511
525
510
543
543
556
504
490
519
506
523
480
521
480
469
474
490
517
507
477
483
494
494
481
501
525
511
523
506
489
518
498
526
495
510
468
474
492
477
505
498
512
493
467
504
523
513
472
435
489
499
490
508
472
475
518
488
483
531
510
469
502
514
497
532
471
487
500
474
504
508
533
486
512
500
531
479
508
512
499
525
506
508
497
482
508
477
515
514
507
495
480
470
533
491
501
520
488
518
489
493
478
505
522
516
533
492
519
512
517
488
485
500
502
472
518
540
465
491
485
495
529
495
509
552
488
546
530
513
496
481
502
513
501
524
506
492
494
494
537
498
538
491
503
511
535
503
551
493
514
518
490
522
507
500
496
505
496
513
499
472
502
519
515
443
511
492
510
503
497
514
543
493
510
496
502
505
478
533
514
528
486
522
491
486
482
501
517
513
525
493
511
482
507
473
499
508
506
498
492
509
487
497
514
471
499
479
495
525
489
495
502
495
537
500
506
507
480
522
507
477
524
478
494
495
496
493
559
481
503
476
523
501
508
535
495
479
483
518
499
509
501
505
503
469
513
498
466
518
547
468
479
487
470
464
475
522
492
515
485
505
473
533
443
476
519
551
466
505
514
501
460
500
516
509
517
500
489
544
494
545
534
480
524
486
501
473
536
507
491
496
497
481
508
478
490
482
520
492
500
471
501
490
480
508
495
513
494
507
489
476
478
470
500
515
490
503
504
499
507
493
484
458
539
474
505
513
518
523
492
462
530
471
511
530
511
496
480
470
510
500
480
505
481
485
498
527
501
496
506
461
473
495
500
499
470
491
500
485
482
524
491
479
459
487
526
496
530
532
476
508
504
496
504
530
484
514
498
494
499
471
508
506
504
512
528
498
507
503
498
487
538
514
514
482
505
508
493
525
513
495
495
488
465
504
474
510
501
523
474
493
492
482
507
480
513
515
487
491
481
476
494
529
495
501
541
523
504
508
512
501
482
510
497
507
489
501
486
521
487
504
534
486
499
479
505
485
507
515
533
533
487
524
500
496
533
468
500
491
535
521
530
529
510
512
499
522
515
482
472
495
493
521
505
536
511
485
494
498
516
518
475
495
483
504
498
500
482
486
491
495
455
486
553
471
480
482
485
498
523
486
465
498
501
507
518
499
499
509
519
515
511
506
515
550
471
502
549
496
502
503
496
474
481
512
456
539
520
479
489
514
509
489
516
540
504
449
472
505
513
496
546
509
502
505
484
481
495
532
508
488
452
491
528
513
485
498
502
476
498
454
476
511
491
509
493
488
508
465
523
522
516
490
512
525
502
515
499
470
492
499
494
527
495
473
504
503
485
476
520
542
502
502
491
469
538
499
501
471
484
469
488
512
498
501
510
486
507
495
471
462
498
502
517
495
505
485
500
510
484
503
519
504
507
462
521
498
529
495
529
479
508
504
489
499
496
523
498
498
485
482
464
490
519
517
510
494
488
492
492
488
502
499
501
460
493
497
508
487
466
505
483
496
522
519
520
487
509
486
506
485
516
539
516
508
485
463
469
491
518
528
474
541
499
545
472
499
514
506
488
493
502
515
497
511
474
492
493
496
461
515
522
517
538
491
511
531
519
501
481
484
512
491
498
483
510
516
500
491
501
476
479
501
507
468
510
503
487
506
517
517
479
507
485
524
514
496
489
487
518
498
495
536
484
515
495
490
508
517
469
526
491
471
512
501
510
524
500
496
551
524
487
467
469
504
490
504
529
501
530
508
522
508
493
493
489
446
488
500
512
516
567
506
527
452
527
520
507
513
499
498
521
538
479
459
477
486
529
501
528
505
512
512
511
478
493
520
498
495
514
514
523
478
469
481
502
507
501
477
489
511
464
518
526
522
488
522
486
488
471
507
470
501
521
481
504
473
501
491
495
539
520
494
515
475
502
490
494
510
499
467
523
482
533
519
510
494
459
493
517
506
465
464
508
480
492
497
527
500
512
494
520
474
515
477
506
489
501
466
520
514
489
478
488
497
496
483
483
494
493
518
501
520
502
496
490
512
498
502
525
524
494
487
533
524
474
544
528
570
487
493
518
492
507
497
492
509
518
492
517
498
502
455
505
529
508
521
509
492
489
492
484
514
495
493
496
452
509
474
519
478
495
477
500
516
503
527
512
496
534
508
526
453
510
487
475
478
502
501
480
493
507
493
503
507
479
502
503
484
496
537
482
483
502
473
512
474
505
473
507
459
520
470
461
491
503
515
477
